id,EAP,MWS,HPL
id02310,0.013504873606808833,0.9840993820599035,0.002395744333286854
id24541,0.9564904345086013,0.0018616077286934321,0.0416479577627006
id00134,0.005021250659295514,0.001814050971151607,0.9931646983695521
id27757,0.7800269706441685,0.0010517416531940806,0.2189212877026336
id04081,0.5528305906750984,0.07767164056948758,0.3694977687554107
id27337,0.9366895924262041,0.0002953329419262926,0.06301507463187071
id24265,0.953634752145519,0.004369378900827121,0.04199586895365351
id25917,0.004814902441646839,0.9795693175417832,0.015615780016568099
id04951,0.9947038277403124,1.0714305283961652e-05,0.005285457954401773
id14549,0.49243164774987175,0.12339057241934769,0.38417777983077883
id22505,0.18466940934475748,0.804682502788,0.010648087867246104
id24002,0.0002960331056396461,0.0002023791133197947,0.999501587781039
id18982,0.5554588862769113,0.25167055823730256,0.19287055548578833
id15181,0.007358529090099305,0.0004475116568646327,0.9921939592530361
id21888,0.6554814125023243,0.29934073844208997,0.04517784905558305
id12035,0.00047186663800247814,0.9994912095731083,3.692378888987211e-05
id17991,0.024764600745180183,0.9742352507021846,0.0010001485526361382
id10707,0.999966021322863,2.985651869002042e-05,4.12215844736654e-06
id07101,0.11853197986792784,0.7755819732918351,0.10588604684024033
id00345,0.19209283151364676,0.0012937650723130719,0.8066134034140411
id05912,0.9408625814234702,0.04636854519554408,0.012768873380984834
id13443,0.9855716528888451,0.008436067812368777,0.0059922792987854075
id09248,0.32381874086251267,0.6678955493575583,0.008285709779929233
id17542,0.002842880355516984,0.0016783154179653295,0.9954788042265175
id06995,0.04795462473531604,0.9484008789186302,0.003644496346056784
id25159,0.835482677554524,0.09068742407091525,0.07382989837455964
id25729,0.23202734571076586,0.014109920239822195,0.753862734049415
id26949,0.9485093474260976,0.003941349920260734,0.04754930265363893
id27191,0.021842858978943863,0.9773768420439498,0.0007802989771050826
id07668,0.43505132701702776,0.5607610856242218,0.004187587358744588
id02230,0.03473964103001519,0.7758428010407344,0.18941755792924955
id15553,0.9996716911543125,0.00026233514535511975,6.597370033592864e-05
id25688,0.0004587293046218388,0.0016009954568196908,0.9979402752385591
id17545,0.9993119413906756,0.0005720966375646834,0.00011596197175970821
id13929,0.274996351203934,0.47431330910950437,0.2506903396865598
id12880,0.4279749714293616,0.18939367244578575,0.38263135612484994
id19282,0.7074838311120354,0.21928981779258166,0.07322635109538042
id14690,0.00027294222683234433,0.999571513708585,0.0001555440645822994
id17975,0.0028644231669305194,0.0009978282306837495,0.9961377486023849
id08037,0.9562948157724745,0.03861042677680507,0.005094757450722952
id15412,0.044987448304927576,0.9542939400166768,0.000718611678395909
id25032,0.4222847335187137,0.5436175607588342,0.034097705722451174
id27165,0.9997904617224346,0.00011745496486607165,9.208331270160672e-05
id03327,0.9154926627379891,0.040636840025273145,0.043870497236740406
id18515,0.6268807838209854,0.192867293852459,0.1802519223265524
id21003,0.1597123380918433,0.8167670636350463,0.02352059827310986
id23855,0.0009322551869698399,0.23855887441657608,0.7605088703964574
id20724,0.9311214367182663,0.0028522483815851033,0.0660263149001474
id13303,0.30543661585659004,0.5284825613851611,0.16608082275824962
id16521,0.004304720319621467,0.3607763582336092,0.6349189214467693
id20775,0.9989666458121697,8.080422132647899e-05,0.0009525499665056756
id13029,0.9925877918126331,0.0015077022422217894,0.005904505945148201
id14660,0.19660665381788925,0.016721903875069975,0.7866714423070417
id11028,0.004345768615740417,0.9954470572686621,0.0002071741155983385
id14180,0.8990688919300026,0.02890853159095577,0.07202257647904078
id25860,0.9996700911164281,0.00018264283568849562,0.00014726604788138382
id11910,0.7080248516460622,0.27129281278478345,0.0206823355691528
id08065,0.0948329594681055,0.8952630872795316,0.009903953252360828
id22674,0.02610547406340736,0.9730266527380173,0.000867873198574667
id25018,0.1261504716361345,0.8628187211021243,0.011030807261741044
id10892,0.03726333599605669,0.0038000235518092567,0.9589366404521283
id10217,0.4254350426808803,0.0030547430479709987,0.5715102142711503
id12996,0.2668481107951452,0.5812485456096304,0.1519033435952248
id18262,0.4040868263606346,0.296267576449323,0.2996455971900371
id08606,0.0070228871649072,0.004546311404691331,0.9884308014303993
id17233,0.9836456587414257,0.00998937802098226,0.00636496323759363
id00101,0.5640225561007312,0.025828719844119382,0.410148724055149
id12225,0.882469387551417,0.010675838573189923,0.1068547738753946
id01364,0.0016426869319933095,0.0025228922250192616,0.9958344208429848
id24973,0.9816047053752198,0.0160199211411762,0.0023753734836071297
id25363,0.8105057040545091,0.1882921980231507,0.0012020979223356957
id10061,0.4648895878279704,0.5228553396240425,0.012255072547987966
id17673,0.2314010450015294,0.013670917852799792,0.754928037145673
id13249,0.3171497214880593,0.6323810199333096,0.05046925857863079
id10107,0.08815707336447479,0.8935305413957036,0.018312385239822242
id04403,0.9860652185398797,0.013859258098089931,7.552336203145302e-05
id25728,0.8462895498557074,0.1484513912517345,0.0052590588925554875
id16184,0.02945008794122426,0.9557494674635665,0.014800444595210061
id03438,0.015066236867738262,0.9842073783227512,0.000726384809509633
id22923,0.007339154511259868,0.00018508909131833757,0.9924757563974248
id08610,0.9995024883839848,0.00010056575124697101,0.0003969458647711018
id25355,0.0022923963201764135,0.9970863823852023,0.0006212212946236723
id16916,0.4622972614619025,0.018852554131590534,0.518850184406507
id12793,0.006452458609366741,0.0021018818244861242,0.9914456595661513
id11859,0.8575044974137319,0.12658922448827667,0.015906278097991305
id02434,0.9999568297620262,4.166201658209457e-05,1.5082213886940017e-06
id27703,0.0021633827217718785,0.9977197141139742,0.00011690316425682921
id25212,0.057548945419031855,0.01644839087096866,0.9260026637099963
id11308,0.09049555160372608,0.41484082314771054,0.49466362524856267
id26094,0.9946909293243759,0.0028152768327240566,0.002493793842897085
id22080,0.9700991833794969,0.000994207949064506,0.02890660867143808
id03545,0.9993339815817457,1.7780317010769373e-05,0.0006482381012411625
id23725,0.006825870012535389,0.9926757809271024,0.0004983490603632029
id12009,0.22631510121339948,0.4203632386979056,0.3533216600886974
id24241,0.012319681485254221,0.16249638517572906,0.8251839333390152
id03596,0.0020229770236862136,0.0002631603749832952,0.997713862601333
id10749,0.28393092754554966,0.06623213193144349,0.6498369405230104
id22794,0.01259314264854274,0.9836654878222566,0.0037413695292037577
id15482,0.7288278092318964,0.05254631618787255,0.2186258745802331
id04833,0.9583335316636671,0.014067172359028527,0.027599295977303727
id00397,0.005032221652321385,0.9949241673998421,4.361094783755096e-05
id14691,0.006198839486633307,0.9877072257407329,0.006093934772638941
id05193,0.3339109468998796,0.6489017829490793,0.017187270151040483
id19541,0.966590010308209,0.0274776718268711,0.005932317864920602
id22166,0.001396544894375206,0.9981582052838309,0.00044524982179387236
id20744,0.08213539966415019,0.9170421048584988,0.0008224954773481842
id10392,0.0007144749732581018,0.9970298716328181,0.002255653393925245
id00770,0.9831594006143749,0.005188107093553031,0.011652492292070464
id06018,0.6584847615616899,0.017230347891701168,0.32428489054660864
id15678,0.5900880495275391,0.39897860274183855,0.010933347730624704
id08305,0.4876902384737028,0.03166634200174578,0.4806434195245509
id08903,0.07370788565009116,0.9144572467914306,0.01183486755847596
id14752,0.8479821086089927,0.004707303748781577,0.1473105876422285
id12468,0.11788728189731627,0.004632386262370221,0.8774803318403147
id05085,0.9694103285309446,0.0023270329589844597,0.02826263851006885
id21993,0.24727016607233962,0.7225811309469387,0.030148702980722943
id15503,0.6161995621792687,0.27298671853409867,0.11081371928663389
id03021,3.595560806833931e-05,4.4809518443791584e-05,0.9999192348734911
id16123,0.9996232009989744,0.00015480469837715738,0.00022199430264623272
id19383,0.8322340542422836,0.09770118891396912,0.07006475684374532
id04186,0.9978237085649371,0.002152406727953141,2.3884707109129673e-05
id17954,0.008038600617300752,0.9918122420239908,0.00014915735871349965
id12030,0.08550746003484672,0.9086215626142418,0.005870977350909965
id13020,0.9905590780157335,0.005861030941849292,0.0035798910424176835
id25327,0.0017851028011715883,0.059371191946252955,0.9388437052525791
id16344,0.38957539787948514,0.25973186768179884,0.3506927344387165
id12303,0.027953791421316217,0.015845854613761822,0.9562003539649202
id15017,0.9954048977885794,0.0001219484854024077,0.004473153726020773
id22308,0.9073008987992045,0.05734607407513492,0.03535302712566208
id06536,0.0012866506564515145,0.9938861416867699,0.0048272076567809075
id19797,0.08648104016199128,0.006234496296276687,0.9072844635417326
id06332,0.23209828733425739,0.14642842851629828,0.6214732841494445
id22941,0.01102895884788768,0.9801235083922557,0.00884753275985833
id13547,0.006161641060027637,0.9907834429234498,0.00305491601651914
id06928,0.002794842304258769,0.9964042598821232,0.0008008978136214176
id12521,0.8716913129030042,0.017422242426386517,0.11088644467060789
id25716,0.9744293450960747,0.02334051857647938,0.00223013632744513
id27116,0.013448395804786748,0.9864995611903666,5.204300484450871e-05
id19941,0.02327866841327636,0.015365204937234207,0.9613561266494909
id05711,0.0001340937330755166,0.9998385780445324,2.7328222394438816e-05
id02097,0.001622473521225382,0.9937174596732027,0.004660066805574048
id03563,0.013462123711215045,0.0012153934743645148,0.985322482814418
id02295,0.07868003876878672,0.0059370765226823856,0.9153828847085294
id08179,0.9999821493638517,7.200220964482459e-06,1.0650415186753321e-05
id05332,0.007762210905896173,0.14000071919290158,0.852237069901202
id15697,0.9045347521528292,0.0882051471046426,0.007260100742531396
id17026,0.043090331666768435,0.9523653967354964,0.004544271597734881
id04243,0.9714095348867791,0.023161562336021204,0.005428902777200733
id13175,0.9999792928727479,1.019866995772631e-05,1.0508457294893252e-05
id05387,0.9801384052902271,0.008676147531195905,0.011185447178579947
id19989,0.9425762598955617,0.021166471917007722,0.03625726818743162
id25173,0.12322598083633919,0.8699512000465491,0.006822819117117346
id08925,0.0007865866567404054,0.0004915511528341675,0.9987218621904286
id03034,0.004112106934133641,0.06658859740541835,0.929299295660451
id13272,0.00238461560843729,0.002372182166774913,0.9952432022247866
id07956,0.9886514403215153,0.010943137962827807,0.0004054217156570669
id02648,0.017291037615649915,0.9740923694388771,0.00861659294547292
id01778,0.007479374409126869,0.9902427825875928,0.0022778430032804587
id12846,0.0005163727040070977,0.9994748691649525,8.758131045586132e-06
id19001,0.04920184038299308,0.9260691028548352,0.02472905676217196
id05763,0.5494859683032239,0.4292275160695517,0.02128651562722719
id15590,0.0033017331390585583,0.9964161751539915,0.000282091706949501
id04912,0.6759478931431601,0.159744436091967,0.1643076707648754
id21201,0.8284404948304122,0.035276734223930094,0.13628277094565916
id13215,0.9837722660503382,0.0156989327352219,0.0005288012144385083
id15612,0.027594554173319814,0.014800216179569642,0.9576052296471089
id18501,0.05832230178630041,0.9238804975638373,0.017797200649859367
id07223,0.8327833138003891,0.034096998896391575,0.13311968730322005
id06707,0.49184511801930936,0.335079654395906,0.1730752275847824
id05238,0.00033299095482292626,7.475359119015114e-05,0.9995922554539901
id00935,0.00438351207904845,0.9488822927730266,0.04673419514792212
id00110,0.8959696344944028,0.10154988813310607,0.002480477372496642
id17476,0.8535181070453719,0.013878260929922956,0.13260363202470735
id15170,0.9998675955011431,2.2500394923726423e-05,0.0001099041039399553
id13397,0.09132876687392807,0.8138627084054747,0.09480852472059662
id24283,0.6411325512697253,0.24256959503800307,0.11629785369227069
id15234,0.900465941438637,0.0032507724452269264,0.09628328611613937
id16884,0.6651170278815342,0.04743102789291121,0.287451944225553
id07831,0.6866689837163774,0.13954474303607003,0.17378627324755325
id16038,0.8434928814195095,0.004924535417073348,0.1515825831634155
id03629,0.900193699133064,0.08058645040755828,0.019219850459379247
id21019,0.8344742729902609,0.020801579038466512,0.14472414797127287
id21835,0.3002342482133887,0.6596459460187575,0.040119805767852235
id04480,0.07910131761841244,0.00013194391162510153,0.9207667384699628
id20838,0.8111062403268665,0.019129504362009518,0.16976425531112113
id24195,0.2808084075901625,0.36821645390575264,0.3509751385040832
id05448,0.9462846644543602,0.0421990581302499,0.01151627741539242
id15957,0.06299351956125014,0.0022197335634739344,0.9347867468752746
id19956,0.0002742613682188354,0.9996753303585115,5.0408273266756583e-05
id15104,0.006355343452873579,0.9825886272501546,0.011056029296974603
id17559,0.804801976652307,0.012582382584743156,0.1826156407629506
id16839,0.08623381454116281,0.8557908051963681,0.05797538026247256
id14493,0.9220700443547155,0.0711022825286746,0.0068276731166069925
id08833,0.9066112882892488,0.08387360723327703,0.009515104477472868
id15723,0.1450325231954032,0.8500189366902917,0.004948540114303554
id02716,0.9909127652840748,0.007853598417301048,0.0012336362986243865
id06689,0.019331558284525707,0.03282125158854846,0.9478471901269246
id18837,0.3244780765640998,0.43565329991055907,0.2398686235253419
id04466,0.9015122849457309,0.030328529223828407,0.06815918583044007
id00686,0.2978378392307256,0.6718403808165677,0.03032177995271139
id09010,0.01174017546071014,0.0005485528714010729,0.9877112716678909
id23353,0.988661442272655,0.0068352263659063025,0.0045033313614371556
id00066,0.9027543651244121,0.01661084624516426,0.08063478863042675
id15724,0.026719544867226948,0.023229418557758508,0.9500510365750151
id23486,0.01718926120175117,0.980105917451008,0.00270482134724249
id22258,0.0005152871167015433,0.9951335635625279,0.004351149320772461
id02292,0.8952650464693468,0.015525371282166451,0.08920958224848616
id16356,0.34965545767541245,0.6051787227980202,0.045165819526563976
id00235,0.90433269353904,0.09532267433990624,0.00034463212105680525
id25522,0.030859184325034785,0.9665806673927934,0.0025601482821712633
id04204,0.044975288369375636,0.0034704636574975733,0.9515542479731239
id22016,0.7270309094478346,0.19014069133718775,0.08282839921497726
id06480,0.08627977335750067,0.07285862104051107,0.8408616056019914
id08718,0.005582620375262406,0.994286481949264,0.00013089767547637358
id05251,8.092075428698972e-05,9.947112085412401e-05,0.999819608124858
id03359,0.9592203825227772,0.026972743982962295,0.013806873494258803
id16117,0.060694349185203084,0.9388782127920754,0.0004274380227180167
id17000,0.0017236732473388788,0.00135006567695807,0.9969262610757031
id01730,0.002368426988599129,0.0005756883205917695,0.9970558846908156
id00630,0.741243633190172,0.009080256410679517,0.24967611039914783
id18175,0.042684739448052754,0.9562261572741177,0.0010891032778262931
id00907,0.9794687993991884,0.006564211344853992,0.013966989255954675
id18251,0.028425705602538345,0.0044587675573734675,0.9671155268400938
id25861,0.4299274602538596,0.02482814729310346,0.5452443924530344
id00398,0.9163867951879517,0.017913673140262116,0.06569953167178788
id27573,0.9960208386117156,0.0035820449494903244,0.00039711643879420267
id10022,0.014758435038839033,0.21399995835590224,0.7712416066052542
id15901,0.44489274417849123,0.5507910991455425,0.004316156675964912
id00451,0.13586208720351353,0.8258193258578143,0.03831858693867532
id23129,0.002350396495821669,0.00039252837510791576,0.9972570751290706
id26498,0.07853308063107986,0.016786438026970708,0.904680481341952
id14741,0.29245248552589664,0.13565401587608106,0.5718934985980204
id18453,0.06937877804392156,0.8431587194280048,0.08746250252807197
id08309,0.9199536522163663,0.004395162625601726,0.0756511851580287
id00320,0.9999912828509371,8.50374499343993e-06,2.1340406543555482e-07
id07688,0.13824728763199914,0.8528775033347656,0.008875209033237475
id01556,0.0021675884421392933,0.9973475221808522,0.0004848893770074289
id00178,0.5187686457196383,0.4218900439600861,0.05934131032026886
id18902,0.030172380870503425,0.9591896111038322,0.010638008025662843
id27002,0.9279187442043716,0.0025333026423259605,0.06954795315330416
id21418,0.9999879698085808,3.3020686428506367e-06,8.728122779509255e-06
id23018,0.0013768447139182228,0.9291910933494295,0.06943206193665215
id07032,0.12429414470803904,0.8596936148903705,0.016012240401592312
id16195,0.5759053034670476,0.260837751950466,0.16325694458248563
id11202,0.019388939055264814,0.001338215403813204,0.9792728455409205
id09578,0.7309327527889264,0.2500684726772766,0.018998774533795424
id26984,0.9100462068391965,0.08270695334483051,0.007246839815974683
id19856,0.00712748955155943,0.0002794105456335949,0.9925930999028036
id12086,0.11210616976668013,0.8517999669433978,0.036093863289922305
id12052,0.08875232811676925,0.9066571758444661,0.004590496038763414
id17728,0.0033263547161147466,0.9952173039261126,0.0014563413577749955
id24608,0.17855101142765578,0.8202000525331786,0.0012489360391651637
id21097,0.10211566742918257,0.8782360463487101,0.01964828622210841
id20179,7.506207073902222e-05,0.9999192685391294,5.669390132463859e-06
id15144,0.23069720071542155,0.27481486531475213,0.49448793396982743
id00206,0.9628982226691442,0.014219703903083568,0.02288207342777266
id22285,0.000526674473228585,0.9990215679187926,0.00045175760798052227
id06417,0.03318603176628619,0.19392375495450695,0.7728902132792095
id00215,0.06284732406793218,0.004899370731761157,0.9322533052003045
id04201,0.4826343488171341,0.5163287567851782,0.001036894397684193
id21771,0.9887847470403803,0.003337690147681723,0.007877562811937409
id12451,0.002433733321028148,0.8156581207103907,0.18190814596858437
id14250,0.024824821090270194,0.08056291775899474,0.894612261150732
id03433,0.19237377114098608,0.019936458063698342,0.787689770795317
id03303,0.028183392225064358,0.971187445309126,0.0006291624658119303
id25901,0.11976772704944788,0.2676572120770717,0.6125750608734823
id06945,0.0742361641399614,0.8547425423815842,0.07102129347845318
id05664,0.5193003032684609,0.08649070330313026,0.3942089934284122
id05741,0.9989386886500516,0.001048188813791082,1.3122536156187187e-05
id10652,0.9608111796108814,0.025619739475229934,0.013569080913888674
id16300,0.9232300972940052,0.04373094531917222,0.0330389573868278
id12319,0.8808248773232871,0.06303636778166193,0.056138754895047896
id07500,0.06399393558001468,0.0005111688408379627,0.9354948955791464
id12478,0.7335644716732264,0.014621318282843463,0.2518142100439306
id03076,0.09692266685864695,0.9008728215634054,0.0022045115779495542
id00969,0.4923568074058774,0.10432032587806446,0.40332286671606177
id23636,0.015062732369286328,0.009518705452332344,0.9754185621783799
id09791,0.030813877275534234,0.880634311574298,0.08855181115016948
id05680,0.05243642029478849,0.628608361680967,0.31895521802424187
id03672,0.0886967006148854,0.3284050091341323,0.5828982902509848
id04286,0.00608588015339733,0.07177668102853572,0.9221374388180675
id23883,0.013930054478606806,0.5545782859299929,0.4314916595914039
id11914,0.09594334931190539,0.8920361080469403,0.012020542641155553
id20974,0.006045169700214296,0.002515131699431561,0.9914396986003582
id26125,0.03590450227927717,0.9575881371680665,0.0065073605526583455
id15543,0.16106187169200678,0.8383434951911731,0.0005946331168190296
id19471,0.9999417068724237,1.0365095401362398e-05,4.7928032175703405e-05
id11503,0.7886147773810942,0.0992611905174683,0.11212403210144029
id09321,0.005876209765735189,0.07542405769634526,0.9186997325379219
id25560,8.149734398434159e-05,0.9992856589904087,0.0006328436656092226
id06726,0.8280910941375522,0.08112357679631306,0.09078532906613664
id05709,0.9934678040300328,0.005573921116838608,0.0009582748531307137
id09788,0.04111681552668421,0.3861987477741376,0.572684436699176
id05289,0.9999585774253327,7.5535864496084494e-06,3.386898822065859e-05
id11815,0.006834698047718062,0.0027649663497123778,0.9904003356025692
id22422,0.8650053599531204,0.02318474029912193,0.1118098997477585
id25954,0.9838834945346746,0.010843330130718034,0.00527317533460852
id13601,0.8191816597013031,0.07541827675413619,0.10540006354456154
id05677,0.7405001255327106,0.25800435112384,0.0014955233434501788
id10498,0.023291328017595224,0.00035900196113402205,0.9763496700212702
id02665,0.4002173877713088,0.014979762050333483,0.5848028501783581
id10114,0.07760180794664667,0.6886480464465824,0.23375014560677373
id26314,0.7482312979494259,0.033424656635536974,0.21834404541504027
id21240,0.3563814806290577,0.3864233199786713,0.25719519939226865
id15569,0.9367945738578903,0.04070581207855895,0.022499614063547183
id25928,0.05465609529439681,0.9198888454715037,0.025455059234102188
id22706,0.02451679183181527,0.0009378959220575587,0.9745453122461244
id20877,0.0023401715265868425,0.02172458985373045,0.9759352386196879
id04318,0.5696123191197872,0.3994592313738466,0.030928449506366935
id18299,0.05145210507109149,0.06855196739282705,0.8799959275360839
id08126,0.05704071791799748,0.9416389453170709,0.0013203367649347172
id14293,0.45684749989916307,0.5420164414011692,0.001136058699669469
id12759,0.995554156607673,0.003313711261692931,0.0011321321306369456
id11983,0.35145043393938796,0.6085248520804339,0.04002471398017493
id05580,0.01883058429416656,0.014065629042286571,0.9671037866635476
id25846,0.3202092406319309,0.4564802159472294,0.22331054342083656
id01939,0.8589116581345496,0.11957660590586466,0.021511735959584517
id26327,0.009291951342244283,0.07669483309636664,0.9140132155613887
id11068,0.0034785571917966876,0.9962120909374225,0.0003093518707799012
id08404,0.9930078662998684,0.006128618686162049,0.0008635150139700248
id27189,0.2970983964944725,0.0004668059714363226,0.7024347975340941
id15119,0.06051559752055975,0.14369280642379975,0.7957915960556393
id26525,0.9976158972423438,0.0021934369003484026,0.00019066585730453633
id03618,0.9770615114057825,0.007491843227072374,0.015446645367141998
id27220,0.9990854036601106,0.00020041175296553956,0.0007141845869212398
id18777,0.003420414974248508,0.9960834141586079,0.0004961708671446332
id20213,0.9927891653388804,0.0023111359565679583,0.004899698704553251
id20403,0.978284825944274,0.004162529444551157,0.017552644611175585
id03777,0.04085026120177698,0.9437276981697436,0.015422040628478946
id10595,0.030776311158947557,0.011016003296561782,0.9582076855444884
id13816,0.4409994793480731,0.5521653387834253,0.006835181868502546
id05667,0.005860845320144962,0.9924394747242684,0.0016996799555855212
id24629,0.4194920762071799,0.5429936270407798,0.03751429675204086
id20398,0.5949510999423848,0.39390501108679565,0.011143888970817821
id14108,8.321549552314167e-05,0.9998626139989185,5.417050556061228e-05
id06196,0.0007675290956404586,6.627670093555057e-05,0.9991661942034248
id02800,0.4675578450479462,0.019497298763492158,0.5129448561885619
id18732,0.0001937611724713172,0.0012435857420813059,0.9985626530854443
id11915,0.26977920140175,0.2715143572024669,0.4587064413957813
id09739,0.8701290783133976,0.10003358247663068,0.029837339209968724
id24672,0.9990079069945188,0.00044421210535694434,0.0005478809001219846
id00414,0.0010056468952610899,0.9893088440213356,0.0096855090834074
id16307,0.9885652436903218,0.0047278184177472465,0.0067069378919303695
id14043,0.06422045692842471,0.9313638310090454,0.00441571206253074
id00517,0.00045315893326807464,0.9995227167646313,2.4124302104682004e-05
id09744,0.9994465552461049,0.0001183796230728863,0.0004350651308196325
id19257,0.7711086682684528,0.1905102626335675,0.03838106909797791
id15437,0.7103225844765146,0.009761674877764248,0.2799157406457201
id16352,0.013596657020899194,0.9817463701515174,0.00465697282758418
id18849,0.7706118887394364,0.13586168276179778,0.09352642849876792
id19434,6.56226078745585e-06,5.559849143797538e-06,0.9999878778900669
id17928,0.009970113685959977,0.9746273763528263,0.015402509961211775
id16896,0.02482994627868631,0.9721614681580821,0.0030085855632351623
id02135,0.18382660520515404,0.358737340323964,0.4574360544708837
id15075,0.9888438071993649,0.009335808067151665,0.0018203847334809775
id27486,0.00642806166331347,0.0002456695179791344,0.9933262688187018
id19422,0.9788484562364269,0.0004775223540011222,0.020674021409575204
id09603,0.025877505718219722,0.08623732993162682,0.8878851643501511
id02133,0.04935775958776671,0.013057948924234073,0.937584291487996
id03441,0.29787311160344226,0.64944508145983,0.05268180693673107
id02398,0.000725347135072661,0.0002611916897715445,0.9990134611751528
id05152,0.33143134206309716,0.6650313718852277,0.0035372860516761214
id17838,0.058846425303974104,0.9403259547330987,0.0008276199629283837
id25060,0.9995902339137791,5.252178469714382e-05,0.0003572443015255471
id09998,0.04924879220634372,0.9431686124563171,0.007582595337340763
id01828,0.15025440467254422,0.013059522808872733,0.8366860725185843
id25377,0.2934730914248895,0.7004588026142924,0.006068105960819827
id22175,0.11004999545263822,0.0028040081751484476,0.8871459963722136
id02974,0.031482390090001165,0.9410917900836946,0.027425819826303294
id26955,0.9994649442879271,7.965788553576536e-05,0.00045539782653788205
id21091,0.951715455837771,0.04007935191993948,0.008205192242291116
id12802,0.7153118344199316,0.01299309417635281,0.27169507140371324
id07432,1.6084174169470798e-05,1.0078943708122844e-05,0.9999738368821259
id18749,0.10209349686608271,0.0679800283353916,0.8299264747985285
id15030,0.000629029107650301,0.9974510183350545,0.0019199525572935019
id17155,0.018631156018273882,0.0002659183733343505,0.9811029256083947
id08128,0.0012756709948575763,0.002444228538422536,0.9962801004667219
id25706,0.016431196882003504,0.021528234139072327,0.9620405689789258
id15645,0.9727929784037539,0.0019530223013991587,0.025253999294849783
id04943,0.9318673165024647,0.06006201869780659,0.008070664799731987
id27566,0.0007503569016891633,0.998710947544484,0.0005386955538285776
id11765,0.511707901462817,0.4597288649383791,0.028563233598806612
id13783,0.5128460436498984,0.16893826896100114,0.31821568738909906
id00492,0.002511088400905939,0.9939772645899541,0.003511647009140333
id27636,0.07991639331934279,0.9116973486865472,0.0083862579941093
id04273,0.8978975463941697,0.03555243771758072,0.06655001588825338
id02537,0.1551042873631564,0.7639343094250873,0.08096140321175725
id24349,0.7868750050107988,0.002711769701943694,0.21041322528725884
id00023,5.304887080553818e-05,0.00026592104584182964,0.9996810300833519
id23025,0.10210064455125725,0.010039830162990634,0.887859525285751
id08722,0.9561527745844187,0.04286209835576233,0.0009851270598210963
id02420,0.9997968431464982,2.0235731958030992e-05,0.00018292112154145348
id10811,0.9929387497447505,0.0029183310348839878,0.004142919220362684
id04019,0.002092302827138563,0.9971138412737837,0.0007938558990718607
id18334,0.9750311082413432,0.0010107740620964316,0.023958117696560973
id16781,0.44427072421616653,0.014096039600314893,0.5416332361835192
id08773,0.8261659415571725,0.0014518560108890892,0.17238220243193852
id19214,0.9716255537107003,0.02047878625676643,0.007895660032536011
id09589,0.0006934854726042331,0.0037786819578816294,0.9955278325695126
id24246,0.9371764042122641,0.041434105402549215,0.021389490385190793
id23577,0.9420111578192903,0.0105360217277211,0.047452820452992026
id09305,0.7787299920780791,0.1979042893824083,0.02336571853951345
id16460,0.013586899986319859,0.9739342596333378,0.012478840380343421
id21115,0.8550400848698296,0.08927737837172421,0.0556825367584441
id25996,0.041594539266910174,0.43241297989658883,0.5259924808364994
id02551,0.0008697317589173995,0.9985153262506018,0.0006149419904790413
id19352,0.012378176122926533,0.9876113826434061,1.044123366605701e-05
id03806,0.011184071621655545,0.9523941112653224,0.0364218171130242
id26544,0.9762821484780007,0.016999681170303652,0.006718170351696039
id18761,0.9512211360457907,0.00877750457085406,0.04000135938335344
id24148,0.11964986317927953,0.008292261255576581,0.8720578755651444
id16095,0.05115148508354038,0.007142123587947667,0.9417063913285132
id18442,0.8884461199668309,0.08932824178200739,0.022225638251162333
id22596,2.7050873333588996e-05,0.9999707387884499,2.210338218015413e-06
id23002,0.033779826726657095,0.9644692991282958,0.0017508741450462338
id04797,0.9933867412003133,0.00407711561202987,0.002536143187659155
id06610,0.05116780966742229,0.9435637590303665,0.005268431302210324
id16173,0.4339604501817831,0.042287988061269544,0.5237515617569459
id18292,0.058438997349132875,0.9393524517484751,0.0022085509023908483
id27328,0.9897194262198838,0.009695330017335387,0.0005852437627805107
id01695,0.0019359438210613154,0.0033170300044025078,0.9947470261745331
id05761,0.5068475129244434,0.4927288242725324,0.0004236628030269954
id16354,0.9826209573479129,0.016747534525889,0.0006315081262001508
id12207,0.007777263429399213,0.36525012255143613,0.6269726140191638
id05665,0.038156474580646374,0.9570901796947611,0.00475334572459456
id01911,0.9408416950136299,0.0026979412402073806,0.05646036374615937
id19153,0.14144081820792068,0.851771545321037,0.006787636471040772
id10295,0.2634504443032807,0.10537255217794532,0.6311770035187714
id23038,0.8419421747749304,0.017296483526600306,0.14076134169847068
id23783,0.2944419837596585,0.001893327034443464,0.7036646892058958
id27879,0.9841073240476269,0.0060152270388516595,0.009877448913523866
id19190,0.003065666246599508,2.856569549873351e-05,0.996905768057902
id05065,0.9700343125182387,0.0026042378211984956,0.027361449660565113
id21296,0.026079187951082796,0.04801385446769066,0.9259069575812283
id13262,0.23445735912903828,0.5988719575373639,0.16667068333359497
id10333,0.9651626266636611,0.031721802880170014,0.003115570456166632
id16677,0.04526965068615717,0.05522710706784308,0.8995032422460015
id01392,0.37332636366135463,0.621896866341469,0.004776769997179769
id27874,0.7515001316467113,0.04929183452622063,0.19920803382706787
id02294,0.00020187339176249659,0.00019613922305168873,0.9996019873851866
id18298,0.0015641917846105267,0.9431297274204762,0.05530608079491162
id06997,0.9960500331592569,0.00035332246254675246,0.003596644378199323
id05243,0.05230395531099286,0.5011380848764868,0.4465579598125216
id00860,0.29151631754497237,0.14130465928349528,0.5671790231715359
id26681,0.999951197552457,2.792714857447046e-06,4.600973268233839e-05
id06020,0.001744846386525209,0.9982510941709624,4.059442508627462e-06
id27683,0.9413425858509523,0.036860712356231985,0.0217967017928128
id17655,0.006270827782309385,0.00207215120722977,0.9916570210104675
id08817,0.00221209733869964,0.9925429445843255,0.0052449580769718205
id11512,0.0017305674532525086,0.9977457904318012,0.0005236421149468971
id00478,0.08633776803022855,0.901874000599667,0.011788231370104601
id02116,0.9432543472566518,0.020256619599198365,0.03648903314414891
id06746,0.884269210015081,0.00560104474378424,0.11012974524113552
id03863,0.43113114768693217,0.025045092504895575,0.5438237598081714
id01802,0.08622173921874811,0.11747592694875202,0.7963023338324974
id11682,0.784794405116979,0.20853278473379644,0.006672810149224417
id04033,0.0006306732755575319,0.004428198726316015,0.9949411279981228
id09286,0.3412098378519752,0.4676006903315144,0.19118947181650786
id12904,0.9999752934454645,2.201726635652135e-07,2.4486381875356944e-05
id07420,0.0022473547947330845,0.9965332817931084,0.0012193634121530335
id22398,0.00020399411173528873,0.00032062556096826956,0.9994753803272992
id00424,0.14294849201486112,0.8031407247128619,0.05391078327228029
id20960,0.9942662366416398,0.000578777717767197,0.005154985640589794
id10267,0.2530651442733223,0.4030677776366401,0.34386707809003647
id19330,0.6882333589524611,0.30328333305002564,0.008483307997512327
id00994,0.00022565862988954647,0.0007811888124845884,0.9989931525576269
id10785,0.973983586931528,0.016362527471834698,0.009653885596637478
id00955,0.029118492655204276,0.03085272311804703,0.9400287842267493
id09757,0.015596012210809716,0.0009902802563526744,0.9834137075328367
id10030,0.030301687214773936,0.8347635607690931,0.13493475201613325
id22952,0.04367972288097488,0.6552458786243469,0.3010743984946812
id21955,2.4275037830508803e-05,0.9994020310799583,0.0005736938822142081
id07674,0.6139005119957338,0.3517083890267921,0.034391098977473666
id13760,0.0004216043135439472,0.0002691202523406704,0.9993092754341121
id18166,0.9519832163632732,0.02781538827838148,0.02020139535834697
id23498,0.971099620784735,0.0016184636415891296,0.027281915573677352
id05296,0.9996639387350047,0.0003131298396915017,2.2931425303439098e-05
id26709,0.9966779992059192,0.001793615618503237,0.001528385175574771
id02853,0.9945441576802794,0.0008651816151757763,0.004590660704543209
id06800,0.29750300441107685,0.5930054167637361,0.10949157882518849
id14758,0.658756519412349,0.011192196918231779,0.33005128366942055
id12356,0.9980703095813749,0.0008697800930389067,0.001059910325584599
id21492,0.9768835235923045,0.004156702365300047,0.01895977404239716
id27540,0.856722936578652,0.1432395586971183,3.750472423682622e-05
id07376,0.2983626708885991,0.688288205971016,0.013349123140386804
id15201,0.016278198457110607,0.0058761043357032205,0.977845697207183
id23388,0.02058844547332017,0.07054487083138156,0.9088666836953012
id13923,0.057792945332579615,0.0060795753446820176,0.9361274793227358
id00794,0.002744992672546795,0.0007070601239592473,0.9965479472034955
id23910,0.04009847224058065,0.9273452845240239,0.03255624323539553
id02556,0.010325967383970555,0.9729856541279711,0.016688378488059277
id22151,0.03400796241651257,0.00013741356576807957,0.9658546240177124
id11698,0.00011994019476192366,0.0005110524354638737,0.9993690073697757
id11627,0.45186901778503064,0.5418373883740736,0.0062935938408971055
id06340,0.9999951788122107,2.4825172200299296e-06,2.33867057162031e-06
id05123,0.989400947153647,0.006168857183998035,0.004430195662354528
id26620,0.0254098971447709,0.9694245401412864,0.005165562713944498
id04002,0.12125769386750766,0.7829607835757858,0.09578152255670662
id26554,0.4185660696942261,0.5449746003514075,0.03645932995436323
id18012,0.6420015545897396,0.3457110851758382,0.012287360234420496
id12964,0.13852289745467705,0.8533596584563092,0.008117444089010764
id18965,0.01992315133271887,0.25599949164254326,0.7240773570247366
id19082,0.20457262184520883,0.7838598397006498,0.011567538454141024
id26742,0.0057673792313546164,0.9940860226442368,0.00014659812440875647
id15442,0.03828235309831564,0.031784495952694974,0.9299331509489873
id16647,0.5307721692163759,0.3528245182109292,0.11640331257269168
id11544,0.19861885046536693,0.7087127631704109,0.09266838636422242
id20581,0.48358721862297044,0.5085475391481128,0.007865242228915619
id13192,0.16378841261081423,0.0966010195803762,0.7396105678088108
id15814,0.0924888003355748,0.8888559246032871,0.018655275061137892
id26279,0.007634028121502655,0.0004551719348058472,0.991910799943688
id00240,0.9820456887357636,0.006798702053546438,0.011155609210690417
id22836,0.999460313451707,0.00045336438174979014,8.632216654494936e-05
id15085,0.0028554458322106583,0.7931421648427915,0.20400238932499506
id17495,0.45597883513888315,0.5435826519584107,0.0004385129027075838
id26762,0.7400894416941884,0.2380296049362309,0.02188095336957837
id13685,0.999797627140665,0.00019885027422699293,3.522585104558037e-06
id16560,0.0006265844401268688,0.00010990176132674972,0.9992635137985452
id17184,0.0002460135281653385,0.00022123109652557807,0.9995327553753071
id21635,0.994878457224652,0.0036357599256315112,0.001485782849721005
id26751,0.2272755186208199,0.607664686522122,0.1650597948570595
id12351,0.9944487735471655,0.004274937829820014,0.0012762886230153492
id14872,0.26740049093731183,0.21016223078411622,0.5224372782785703
id18372,0.983549393581446,0.0030556772829425684,0.013394929135608986
id26851,0.9486566370654805,0.010433681180813571,0.04090968175370391
id22659,0.15238341148165055,0.0002727827875689557,0.847343805730783
id04102,0.002899180883308528,0.9970000788333497,0.00010074028334477835
id02353,0.09906863139392212,0.006404709477809775,0.8945266591282666
id26721,0.9991306416241753,5.545775886660856e-05,0.000813900616960691
id11171,0.8320282445779665,0.14791843913060027,0.020053316291434007
id13562,0.427648665640182,0.017078692513078322,0.5552726418467402
id26425,0.19034151468060254,0.6152647818196442,0.1943937034997545
id26394,0.5768088975969338,0.2951289479151865,0.1280621544878767
id22187,0.09391155313391097,0.04835706182522175,0.8577313850408672
id00422,0.9999342062082605,2.885387541008648e-05,3.693991632853813e-05
id22667,0.002438529038051128,8.854771157856168e-06,0.9975526161907888
id00911,0.9843101625728171,0.013141302794490075,0.0025485346326957507
id17291,0.2025123881877392,0.7752731382541046,0.022214473558155562
id01915,0.0825514394934663,0.7841602119746718,0.13328834853186383
id01434,0.03245781446980105,0.9611335503153087,0.0064086352148892125
id01584,0.696678351611274,0.3014795207079032,0.0018421276808240836
id09266,0.9945403891363233,0.00442697219028907,0.001032638673389363
id17494,8.801543134276716e-05,0.00010479374736299954,0.999807190821294
id24919,0.1795784764540726,0.5041149828127376,0.31630654073318937
id21043,0.05934774802636173,0.94052074094818,0.00013151102545237665
id17796,0.027282472336544367,0.0002516970496894636,0.9724658306137661
id02166,0.9054327389063258,0.08190055934091403,0.012666701752755432
id17503,0.7596597271208803,0.237881772751472,0.0024585001276502274
id21203,0.0798276879536269,0.8662143043733941,0.05395800767297979
id25626,0.999863690557111,0.00011237067577303858,2.393876711081983e-05
id09836,0.9985441297826646,0.0006382651841375814,0.0008176050331973234
id24202,0.004891074361581038,0.9836732779574835,0.01143564768093485
id27260,0.9345987044912114,0.05247482211170445,0.01292647339708225
id23167,0.0024356063589044716,0.9969398427351163,0.0006245509059783423
id10393,0.0032237894550422356,0.0005872651140650776,0.9961889454308899
id01171,0.9407427043693263,0.0006264478410248683,0.058630847789647035
id06380,0.9939300516119781,0.0038582364166124513,0.0022117119714092684
id22686,0.019073627914548877,0.980635042967347,0.0002913291181027404
id26250,0.16072615221147898,0.7725090851837506,0.06676476260477104
id09315,0.365555554965771,0.07928188804303744,0.5551625569911911
id00886,0.06109348737403786,0.03876491344973279,0.9001415991762307
id03101,0.4568109284624717,0.5287104833186642,0.01447858821886583
id12367,0.5367548771639256,0.43445557280043934,0.028789550035636883
id10770,0.9619405738991588,0.028170345731924902,0.009889080368917828
id14949,0.00013976130953248704,1.2072008475820234e-05,0.9998481666819925
id14141,0.15513047292695517,0.0012464381688967532,0.8436230889041515
id25417,0.5822359800258549,0.1150393408685655,0.3027246791055832
id26873,0.7993857941862818,0.16475129597053476,0.03586290984318044
id10818,0.9405834162449086,0.04437585235885914,0.015040731396232153
id15146,0.8783024465108442,0.11605407879674956,0.005643474692405605
id23328,0.9019783879211143,0.07450716610287923,0.023514445976008463
id16765,0.0645069192652977,0.6866402241122854,0.24885285662241519
id24383,0.9916590339136002,0.007642794965167092,0.0006981711212354652
id21304,0.9654830530938869,0.0065824012141675655,0.027934545691945378
id12551,0.004431385951780284,0.0008202882231764434,0.9947483258250481
id23274,0.012693697739939046,0.9707035100122349,0.016602792247827253
id08117,0.9348721006026226,0.05335154110874834,0.01177635828862591
id23961,0.9915761638962525,0.00230591640557957,0.0061179196981708895
id13865,0.010019783313312268,0.0014762637057958107,0.9885039529808893
id22807,0.04722026309009389,0.9503278175667332,0.002451919343173435
id08951,0.031131197542442514,0.8179327373542039,0.15093606510335517
id18684,0.9984959150924131,0.0003104024630341131,0.001193682444553587
id25179,0.47712494147489243,0.16101514049303947,0.3618599180320717
id27033,0.8875715996988561,0.11086523924886268,0.0015631610522743949
